   0.032    0.039    0.035    0.040    0.049    0.035    0.035    0.039    0.030    0.036
   0.035    0.037    0.032    0.031    0.030    0.042    0.041    0.048    0.040    0.046
   0.045    0.041    0.031    0.042    0.027    0.031    0.034    0.059    0.036    0.040
   0.042    0.032    0.033    0.033    0.027    0.036    0.034    0.029    0.027    0.052
   0.027    0.042    0.035    0.043    0.031    0.033    0.033    0.032    0.030    0.037
   0.037    0.039    0.047    0.037    0.034    0.029    0.027    0.036    0.044    0.033
   0.038    0.046    0.040    0.039    0.031    0.042    0.047    0.035    0.033    0.033
   0.035    0.042    0.024    0.035    0.039    0.037    0.036    0.039    0.037    0.042
   0.039    0.035    0.044    0.043    0.032    0.053    0.042    0.039    0.031    0.049
   0.041    0.039    0.032    0.032    0.029    0.102    0.043    0.032    0.051    0.036
