   0.079    0.082    0.081    0.081    0.092    0.080    0.080    0.085    0.085    0.082
   0.089    0.080    0.078    0.082    0.086    0.080    0.083    0.082    0.080    0.079
   0.083    0.084    0.082    0.089    0.080    0.103    0.086    0.079    0.079    0.079
   0.101    0.085    0.081    0.081    0.091    0.104    0.109    0.089    0.079    0.080
   0.080    0.080    0.083    0.081    0.086    0.086    0.092    0.079    0.079    0.099
   0.086    0.080    0.086    0.088    0.081    0.085    0.079    0.085    0.083    0.115
   0.100    0.079    0.095    0.080    0.086    0.095    0.092    0.084    0.099    0.088
   0.080    0.088    0.086    0.097    0.082    0.091    0.099    0.087    0.084    0.117
   0.083    0.085    0.080    0.087    0.081    0.082    0.081    0.089    0.093    0.121
   0.085    0.081    0.084    0.080    0.087    0.089    0.090    0.143    0.124    0.081
