   0.137    0.102    0.076    0.080    0.084    0.096    0.094    0.072    0.103    0.065
   0.070    0.135    0.072    0.080    0.137    0.081    0.100    0.065    0.184    0.267
   0.103    0.083    0.095    0.109    0.085    0.077    0.142    0.122    0.070    0.117
   0.062    0.072    0.099    0.087    0.130    0.136    0.064    0.110    0.090    0.074
   0.169    0.083    0.083    0.108    0.215    0.063    0.123    0.086    0.070    0.141
   0.088    0.124    0.098    0.120    0.095    0.141    0.076    0.089    0.069    0.131
   0.095    0.081    0.079    0.101    0.072    0.095    0.099    0.115    0.089    0.123
   0.055    0.072    0.169    0.084    0.112    0.093    0.062    0.074    0.100    0.113
   0.076    0.085    0.078    0.163    0.095    0.106    0.088    0.106    0.098    0.167
   0.076    0.087    0.066    0.076    0.064    0.097    0.086    0.099    0.078    0.095
