   0.112    0.162    0.143    0.095    0.101    0.132    0.146    0.081    0.127    0.180
   0.263    0.116    0.095    0.104    0.222    0.183    0.110    0.148    0.117    0.223
   0.192    0.180    0.091    0.136    0.183    0.087    0.211    0.099    0.093    0.105
   0.153    0.158    0.116    0.139    0.180    0.094    0.112    0.182    0.095    0.125
   0.183    0.073    0.095    0.133    0.236    0.182    0.113    0.134    0.092    0.193
   0.095    0.166    0.127    0.074    0.101    0.103    0.098    0.189    0.143    0.168
   0.144    0.114    0.147    0.194    0.152    0.144    0.139    0.172    0.140    0.140
   0.262    0.141    0.284    0.170    0.149    0.150    0.110    0.081    0.134    0.147
   0.150    0.150    0.100    0.187    0.135    0.079    0.094    0.109    0.120    0.120
   0.065    0.066    0.087    0.109    0.072    0.160    0.096    0.172    0.103    0.169
