   0.092    0.092    0.093    0.117    0.087    0.068    0.074    0.093    0.077    0.090
   0.083    0.120    0.065    0.076    0.106    0.099    0.116    0.095    0.095    0.078
   0.107    0.091    0.099    0.104    0.062    0.110    0.062    0.105    0.082    0.076
   0.074    0.100    0.059    0.073    0.079    0.068    0.076    0.068    0.115    0.071
   0.094    0.096    0.096    0.064    0.119    0.071    0.155    0.179    0.098    0.087
   0.065    0.175    0.125    0.115    0.087    0.084    0.076    0.078    0.085    0.085
   0.074    0.066    0.121    0.086    0.115    0.098    0.070    0.073    0.115    0.090
   0.099    0.060    0.082    0.092    0.116    0.075    0.104    0.087    0.076    0.140
   0.098    0.088    0.135    0.105    0.097    0.069    0.089    0.091    0.176    0.080
   0.071    0.108    0.133    0.100    0.140    0.129    0.113    0.097    0.094    0.069
