  -4.658   -4.506   -3.668   -3.749   -3.557   -2.478   -3.290   -3.043   -1.300   -0.509
  -3.484   -3.476   -4.860   -3.456   -2.804   -3.386   -3.278   -2.204   -1.437   -0.056
  -4.727   -3.865   -3.779   -4.261   -3.291   -3.994   -2.067   -1.060    0.051    0.186
  -4.685   -3.224   -2.044   -0.227   -1.733   -1.885   -0.813   -0.794    0.167    0.488
  -4.685   -3.926   -2.720   -1.830    0.031   -1.261   -0.819    0.431    2.454    2.170
  -2.810   -4.034   -2.816   -1.618   -1.031    1.103    1.545    2.671    3.023    3.567
  -1.069    0.068   -1.816   -0.304    0.242    1.473    2.430    0.849    4.352    5.231
  -2.105   -1.620    0.542   -0.023    1.252    2.098    3.235    4.101    4.970    6.975
  -2.599   -0.838   -0.599    0.666    1.972    3.980    3.318    5.040    5.906    9.043
  -1.313    1.536    0.509    0.613    1.179    2.583    3.463    4.471    9.568    0.637
