  -4.052   -4.179   -5.975   -5.790   -4.390   -4.867   -4.885   -3.772   -5.379   -5.585
  -5.436   -5.636   -5.679   -5.229   -4.515   -5.478   -5.382   -5.158   -5.657   -5.577
  -4.426   -4.618   -5.902   -5.341   -4.479   -4.657   -5.549   -4.958   -5.594   -4.642
  -4.020   -4.365   -4.822   -5.496   -5.045   -4.813   -4.408   -5.020   -4.887   -3.948
  -4.996   -4.789   -5.473   -4.446   -5.428   -5.789   -4.668   -5.200   -5.860   -4.950
  -5.774   -5.201   -5.704   -3.999   -5.663   -5.351   -4.854   -4.650   -5.286   -5.973
  -5.502   -4.848   -5.745   -5.845   -5.714   -5.428   -3.582   -5.643   -5.949   -5.055
  -5.936   -5.568   -5.546   -6.256   -5.712   -5.179   -5.743   -5.303   -4.935   -5.071
  -4.212   -4.715   -4.926   -5.478   -5.254   -6.072   -5.206   -5.306   -4.546   -4.123
  -4.925   -4.886   -5.734   -4.693   -5.300   -5.404   -5.516   -5.225   -5.348   -4.025
