  -4.447   -4.721   -3.864   -4.412   -3.945   -3.875   -4.254   -3.298   -4.230   -4.335
  -4.426   -3.433   -3.612   -3.532   -3.916   -4.164   -4.273   -4.008   -3.506   -3.678
  -3.630   -3.383   -3.816   -2.875   -3.406   -4.251   -4.511   -3.750   -2.607   -3.252
  -4.243   -3.870   -4.046   -3.770   -4.006   -3.834   -2.949   -3.286   -3.685   -4.430
  -4.230   -3.160   -4.454   -3.981   -3.825   -4.543   -3.707   -3.749   -3.963   -3.871
  -3.384   -4.060   -4.281   -4.512   -3.978   -4.063   -4.486   -3.867   -3.807   -4.078
  -3.749   -3.488   -2.935   -4.094   -3.254   -3.380   -3.870   -3.055   -3.532   -3.776
  -3.054   -3.906   -4.164   -3.986   -2.939   -3.368   -3.634   -4.364   -4.028   -3.921
  -3.645   -4.610   -3.460   -4.533   -4.669   -4.678   -3.866   -4.516   -3.948   -3.546
  -3.737   -3.348   -4.264   -3.798   -3.226   -4.241   -3.471   -4.106   -3.507   -3.266
