  -5.397   -4.628   -5.704   -5.772   -4.652   -5.137   -4.936   -4.685   -4.991   -4.161
  -5.593   -5.141   -5.367   -5.166   -4.565   -5.326   -5.365   -5.066   -5.173   -5.046
  -4.939   -4.391   -5.742   -5.541   -4.587   -4.857   -5.440   -4.597   -5.136   -4.412
  -4.745   -4.697   -4.949   -5.196   -5.100   -5.070   -4.724   -5.022   -4.921   -3.934
  -4.822   -5.282   -5.557   -4.945   -5.274   -5.308   -4.800   -5.143   -5.601   -4.931
  -5.320   -4.802   -5.363   -4.444   -5.203   -5.294   -5.417   -5.059   -5.439   -5.527
  -5.587   -4.900   -5.420   -5.314   -5.582   -5.061   -4.645   -5.416   -5.600   -5.168
  -5.620   -5.556   -5.063   -5.732   -5.394   -4.579   -5.178   -5.225   -4.388   -4.670
  -4.783   -5.074   -5.038   -4.912   -5.057   -5.711   -4.900   -4.850   -4.818   -4.751
  -5.207   -4.937   -5.447   -5.280   -4.961   -5.279   -5.131   -5.311   -5.303   -4.168
