  -2.933   -4.048   -4.202   -3.570   -4.512   -3.760   -1.958   -3.523   -3.281   -1.927
  -3.399   -3.640   -4.176   -4.166   -3.634   -3.322   -2.729   -2.834   -2.668   -1.291
  -3.307   -3.995   -3.252   -3.456   -2.624   -3.584   -2.646   -2.533   -0.080    0.380
  -3.822   -3.267   -3.829   -4.216   -3.515   -1.234   -2.702   -2.545    0.713    2.301
  -3.739   -3.219   -3.944   -4.026   -3.165   -3.135   -1.822   -1.397    1.743    3.760
  -4.203   -3.752   -3.679   -2.930   -2.917   -1.895   -0.343    2.801    3.954    5.405
  -3.368   -2.739   -3.338   -2.430   -2.554   -0.359    0.818    3.670    4.782    6.516
  -3.774   -3.477   -2.281   -1.826   -0.386    1.283    2.393    5.630    6.064    8.020
  -4.001   -3.633   -2.843    0.014   -0.498    1.039    3.511    5.841    8.646   10.212
  -4.005   -2.077   -2.515   -1.359    1.389    4.627    6.733    7.415   11.094   -1.403
